chromosomeLength optimizedParameter 0,60maxF 0,70maxF 0,80maxF 0,90maxF 0,95maxF 0,98maxF 0,99maxF 1,00maxF 0,60%suc 0,70%suc 0,80%suc 0,90%suc 0,95%suc 0,98%suc 0,99%suc 1,00%suc
25 2 4,6 49,2 133,4 483,3 638,1 773,4 773,4 773,4 100 100 100 100 100 100 100 100
25 3 2,6 24,1 134,7 336,0 474,0 591,4 591,4 591,4 100 100 100 100 100 100 100 100
25 4 3,0 40,0 140,7 309,1 365,1 481,6 481,6 481,6 100 100 100 100 100 100 100 100
25 6 4,2 47,5 134,4 292,8 354,7 439,6 439,6 439,6 100 100 100 100 100 100 100 100
25 9 2,6 28,1 118,4 246,2 316,6 398,6 398,6 398,6 100 100 100 100 100 100 100 100
25 14 6,7 36,8 107,8 218,7 265,4 354,1 354,1 354,1 100 100 100 100 100 100 100 100
25 20 5,7 43,2 92,2 202,2 246,7 308,4 308,4 308,4 100 100 100 100 100 100 100 100
50 2 14,6 167,9 429,2 777,7 1136,9 1251,8 1442,1 1442,1 100 100 100 100 100 100 100 100
50 3 10,6 151,6 340,3 624,1 848,3 995,0 1111,5 1111,5 100 100 100 100 100 100 100 100
50 4 7,3 107,5 332,8 541,2 736,7 809,6 946,1 946,1 100 100 100 100 100 100 100 100
50 6 10,6 110,0 271,9 464,4 673,8 757,6 894,5 894,5 100 100 100 100 100 100 100 100
50 9 8,8 101,8 195,8 402,1 555,7 622,7 773,3 773,3 100 100 100 100 100 100 100 100
50 14 8,4 94,5 209,6 395,8 583,3 662,5 883,5 883,5 100 100 100 100 100 100 100 100
50 20 4,6 89,2 183,1 335,1 470,5 554,2 736,9 736,9 100 100 100 100 100 100 100 100
50 28 7,5 91,5 201,0 368,7 532,9 592,9 830,6 830,6 100 100 100 100 100 100 100 100
50 40 10,4 100,9 192,9 383,7 552,9 645,0 811,9 811,9 100 100 100 100 100 100 100 100
100 2 27,7 348,9 824,6 1401,5 1856,0 2225,8 2331,9 2575,0 100 100 100 100 100 100 100 100
100 3 32,7 331,5 633,7 1132,2 1439,9 1709,7 1795,3 2010,7 100 100 100 100 100 100 100 100
100 4 27,9 263,6 541,3 934,1 1239,6 1499,0 1614,2 1749,3 100 100 100 100 100 100 100 100
100 6 19,3 221,3 476,4 858,7 1129,4 1387,0 1484,4 1928,9 100 100 100 100 100 100 100 100
100 9 27,3 216,1 435,2 799,9 1044,1 1322,6 1482,7 2040,3 100 100 100 100 100 100 100 100
100 14 41,2 178,1 387,2 774,3 1044,4 1415,6 1637,9 2144,8 100 100 100 100 100 100 100 100
100 20 34,1 195,0 431,4 785,1 1106,5 1655,8 1833,7 2373,1 100 100 100 100 100 100 100 100
100 28 41,4 186,2 357,9 761,8 1146,1 1666,2 1868,0 2317,0 100 100 100 100 100 100 100 100
100 40 35,4 176,0 393,6 864,8 1294,1 1896,2 2200,6 2618,3 100 100 100 100 100 100 100 100
100 60 58,5 184,8 421,3 951,0 1379,3 1860,3 2074,1 2796,8 100 100 100 100 100 100 100 100
100 90 22,8 192,8 456,9 1001,4 1506,7 2069,4 2363,7 2817,9 100 100 100 100 100 100 100 100
200 2 125,7 719,6 1444,6 2468,4 3329,4 4023,5 4392,9 5196,8 100 100 100 100 100 100 100 100
200 3 161,6 627,6 1245,8 2100,4 2771,3 3409,9 3800,0 4818,6 100 100 100 100 100 100 100 100
200 4 142,0 513,2 999,6 1723,9 2329,3 3036,0 3528,3 4885,3 100 100 100 100 100 100 100 100
200 6 122,3 429,2 892,5 1621,9 2271,1 3166,2 3675,7 5532,6 100 100 100 100 100 100 100 100
200 9 82,1 364,3 823,9 1618,3 2371,0 3378,6 3956,1 4905,3 100 100 100 100 100 100 100 100
200 14 82,1 347,5 764,9 1622,4 2456,3 3647,2 4093,1 5954,3 100 100 100 100 100 100 100 100
200 20 92,3 355,5 829,0 1757,2 2655,5 3674,9 4316,1 5477,5 100 100 100 100 100 100 100 100
200 28 78,7 340,6 899,1 2062,3 2938,9 3938,7 4730,3 6315,4 100 100 100 100 100 100 100 100
200 40 81,3 335,9 900,8 2000,6 2862,3 3862,1 4508,4 5544,2 100 100 100 100 100 100 100 100
200 60 84,4 390,5 1186,4 2350,7 3347,1 4372,2 5449,5 7065,7 100 100 100 100 100 100 100 100
200 90 84,7 433,2 1205,0 2450,5 3462,1 4652,5 5441,4 6963,4 100 100 100 100 100 100 100 100
200 140 92,9 535,8 1414,0 2609,8 3550,8 4610,1 5490,3 7787,7 100 100 100 100 100 100 100 100
200 200 85,5 495,9 1359,1 2628,1 3597,9 4564,2 5063,0 6871,2 100 100 100 100 100 100 100 100
400 2 365,0 1245,5 2484,6 4541,8 6273,3 8161,7 9208,8 12358,2 100 100 100 100 100 100 100 100
400 3 268,3 934,7 2018,5 3941,2 5669,1 7321,1 8504,0 12732,2 100 100 100 100 100 100 100 100
400 4 245,4 869,9 1864,5 3767,8 5460,7 7168,1 8743,7 12522,5 100 100 100 100 100 100 100 100
400 6 237,2 765,3 1774,7 3693,6 5371,4 7500,6 9006,2 13037,1 100 100 100 100 100 100 100 100
400 9 192,5 667,1 1647,6 3832,2 5709,8 7710,0 9425,6 14823,3 100 100 100 100 100 100 100 100
400 14 156,6 628,9 1691,3 3873,4 5849,1 7870,4 9884,5 18200,4 100 100 100 100 100 100 100 100
400 20 204,9 695,0 2116,5 4410,7 6341,0 8554,0 10508,2 16617,6 100 100 100 100 100 100 100 100
400 28 156,2 776,7 2305,5 4507,7 6547,2 8799,3 10288,0 13889,3 100 100 100 100 100 100 100 100
400 40 175,2 844,0 2470,6 4746,8 6721,4 8943,8 10702,0 15276,9 100 100 100 100 100 100 100 100
400 60 150,8 930,8 2560,9 4864,2 6653,7 9143,0 10823,9 14108,2 100 100 100 100 100 100 100 100
400 90 199,8 1159,9 2772,3 5170,1 7046,0 9425,9 11221,7 15800,7 100 100 100 100 100 100 100 100
400 140 179,2 1279,3 2976,1 5303,3 7271,7 9429,2 10988,1 15634,9 100 100 100 100 100 100 100 100
400 200 202,0 1457,9 3208,3 5743,9 7606,5 9790,1 11135,8 15214,8 100 100 100 100 100 100 100 100
800 2 761,2 2245,6 5236,5 10520,7 14519,7 18514,1 21126,6 30297,6 100 100 100 100 100 100 100 100
800 3 495,9 1722,2 4167,0 8930,7 12602,9 16569,0 19386,1 28879,8 100 100 100 100 100 100 100 100
800 4 444,3 1671,1 4368,4 8947,2 12675,6 16809,4 19546,2 29803,7 100 100 100 100 100 100 100 100
800 6 429,6 1434,5 4144,6 8704,1 12595,0 16928,3 19592,6 32928,8 100 100 100 100 100 100 100 100
800 9 375,6 1496,6 4415,8 8894,0 12579,6 16830,9 19925,5 31328,5 100 100 100 100 100 100 100 100
800 14 364,8 1722,4 4799,7 9414,5 13368,9 17742,0 20554,3 31604,4 100 100 100 100 100 100 100 100
800 20 321,7 1883,6 4938,0 9469,2 13292,6 17824,5 21025,6 34760,8 100 100 100 100 100 100 100 100
800 28 321,6 2035,6 5278,0 9714,1 13667,5 18705,0 22020,9 33245,7 100 100 100 100 100 100 100 100
800 40 316,0 2269,8 5470,7 10301,0 14180,8 18662,4 22042,1 32622,5 100 100 100 100 100 100 100 100
800 60 405,1 2836,0 6096,7 10714,5 14858,9 19628,2 22878,9 31968,1 100 100 100 100 100 100 100 100
800 90 508,2 3085,4 6378,8 11362,6 15303,0 20150,1 23448,9 36857,4 100 100 100 100 100 100 100 90
800 140 753,0 3359,6 6720,0 11599,1 15787,6 20285,2 24034,4 38783,9 100 100 100 100 100 100 100 80
800 200 831,3 3543,4 6943,7 11866,4 15961,6 21213,1 24750,2 37780,8 100 100 100 100 100 100 100 90
